Drift,Temp
-0.009562, 19.239477
-0.009519, 19.253833
-0.009440, 19.098564
-0.009435, 18.905498
-0.009200, 18.904556
-0.009303, 19.199417
-0.009322, 18.723087
-0.009275, 18.890569
-0.009367, 18.808437
-0.009100, 18.556201
-0.009196, 18.470727
-0.009135, 18.707389
-0.008959, 18.321226
-0.009077, 18.466053
-0.009111, 18.100849
-0.009031, 18.000171
-0.008981, 18.196409
-0.008795, 18.001056
-0.008938, 18.000553
-0.008605, 17.814128
-0.008736, 17.993526
-0.008794, 17.804826
-0.008556, 17.745721
-0.008640, 17.964597
-0.008661, 17.512302
-0.008250, 17.708385
-0.008449, 17.460514
-0.008430, 17.100994
-0.008531, 17.296689
-0.008595, 17.487133
-0.008224, 17.001972
-0.008373, 17.391698
-0.008210, 17.000171
-0.008276, 17.097961
-0.008348, 17.098350
-0.008128, 16.905115
-0.008151, 17.089015
-0.008288, 16.802845
-0.008207, 16.721729
-0.008178, 16.903585
-0.008124, 16.709119
-0.008205, 16.511535
-0.007957, 16.484695
-0.008101, 16.491008
-0.008103, 16.098361
-0.007949, 16.294799
-0.007890, 16.196435
-0.007955, 16.099346
-0.007945, 16.001142
-0.007854, 16.001567
-0.007774, 16.083353
-0.007978, 15.920847
-0.007813, 15.804961
-0.007642, 15.903441
-0.007839, 15.894514
-0.007724, 15.586788
-0.007616, 15.938060
-0.007792, 15.805468
-0.007495, 15.708669
-0.007789, 15.903656
-0.007354, 15.512713
-0.007640, 15.708327
-0.007647, 15.709513
-0.007514, 15.685590
-0.007580, 15.240153
-0.007460, 15.543641
-0.007472, 15.675893
-0.007415, 15.204049
-0.007237, 15.100109
-0.007361, 15.001696
-0.007247, 15.099249
-0.007574, 15.294889
-0.007318, 15.197950
-0.007254, 14.904790
-0.006972, 15.078757
-0.007311, 15.120433
-0.007217, 15.075064
-0.007272, 14.929644
-0.007136, 14.999678
-0.007093, 14.806537
-0.006898, 15.002576
-0.007238, 14.860825
-0.007035, 14.879960
-0.007187, 14.772322
-0.006919, 14.805878
-0.007098, 14.903812
-0.006968, 14.650153
-0.006955, 14.668112
-0.007008, 14.512148
-0.007122, 14.416100
-0.006831, 14.609334
-0.007039, 14.632592
-0.007077, 14.194913
-0.006745, 14.392085
-0.007025, 14.588743
-0.006919, 14.392957
-0.006970, 14.195445
-0.006741, 14.392792
-0.006849, 14.294225
-0.006657, 14.293338
-0.006784, 14.477291
-0.006944, 14.015387
-0.006780, 14.230425
-0.006656, 14.163226
-0.006808, 14.097741
-0.006903, 14.000041
-0.006801, 13.904681
-0.006568, 14.000870
-0.006828, 14.196503
-0.006771, 14.095446
-0.006821, 14.003988
-0.006568, 14.196613
-0.006638, 13.999988
-0.006630, 13.903510
-0.006687, 14.099226
-0.006731, 14.098212
-0.006956, 14.001514
-0.006518, 13.902764
-0.006834, 14.001447
-0.006692, 14.002178
-0.006542, 14.001130
-0.006698, 13.805545
-0.006625, 13.804932
-0.006673, 13.684916
-0.006576, 13.685253
-0.006647, 13.685029
-0.006458, 13.679784
-0.006523, 13.807177
-0.006375, 13.609653
-0.006647, 14.000890
-0.006404, 13.706785
-0.006547, 13.804548
-0.006388, 14.098203
-0.006473, 13.708275
-0.006581, 13.902918
-0.006370, 13.704728
-0.006452, 13.614736
-0.006274, 13.073172
-0.006487, 13.295156
-0.006384, 13.681878
-0.006478, 13.804785
-0.006608, 13.566752
-0.006372, 13.490403
-0.006486, 13.283948
-0.006561, 13.511747
-0.006538, 13.414182
-0.006503, 13.552495
-0.006573, 13.375181
-0.006443, 13.311115
-0.006395, 13.490572
-0.006614, 13.444646
-0.006489, 13.143481
-0.006515, 13.587952
-0.006514, 13.489658
-0.006408, 13.195923
-0.006557, 13.264910
-0.006501, 13.224371
-0.006462, 13.311785
-0.006280, 13.376386
-0.006836, 13.357834
-0.006627, 13.231959
-0.006421, 13.001715
-0.006392, 13.000876
-0.006364, 13.098799
-0.006433, 13.001984
-0.006523, 13.098435
-0.006442, 13.099864
-0.006336, 13.148325
-0.006531, 13.146050
-0.006303, 13.099337
-0.006639, 13.097847
-0.006613, 13.099261
-0.006654, 12.935387
-0.006633, 13.165055
-0.006649, 13.196683
-0.006389, 13.000605
-0.006518, 13.098679
-0.006409, 12.708261
-0.006363, 13.195713
-0.006326, 12.904460
-0.006572, 13.098562
-0.006708, 13.000588
-0.006487, 13.002100
-0.006397, 12.707757
-0.006545, 13.002475
-0.006284, 12.904079
-0.006386, 12.902688
-0.006704, 13.001453
-0.006600, 13.040694
-0.006289, 12.898047
-0.006461, 12.672948
-0.006620, 12.795846
-0.006587, 12.913364
-0.006694, 13.001226
-0.006402, 12.805998
-0.006590, 12.902807
-0.006896, 12.805514
-0.006549, 13.000403
-0.006511, 12.708932
-0.006789, 12.904229
-0.006786, 12.707712
-0.006464, 12.904337
-0.006338, 12.804843
-0.006814, 12.610445
-0.006585, 12.804775
-0.006668, 12.904307
-0.006731, 12.904223
-0.006505, 12.708426
-0.006661, 12.799664
-0.006678, 12.519244
-0.006808, 12.459709
-0.006445, 12.565937
-0.006694, 12.609930
-0.006663, 12.708370
-0.006774, 12.902663
-0.006709, 12.806124
-0.006925, 12.609566
-0.006603, 12.804671
-0.006754, 12.903867
-0.006865, 12.451363
-0.006634, 12.966672
-0.006924, 12.317158
-0.006578, 12.804734
-0.006754, 12.806632
-0.006699, 12.337009
-0.006789, 12.396025
-0.006589, 12.609925
-0.006769, 12.462277
-0.006818, 12.490721
-0.006834, 12.682171
-0.006846, 12.609183
-0.006769, 12.470602
-0.006894, 12.359916
-0.006793, 12.425257
-0.006858, 12.699622
-0.006740, 12.804728
-0.006743, 12.356769
-0.006793, 12.277758
-0.006745, 12.407496
-0.006916, 12.519183
-0.006889, 12.513222
-0.006882, 12.609676
-0.007038, 12.609873
-0.006896, 12.489838
-0.006919, 12.340382
-0.006903, 12.151463
-0.007038, 12.391314
-0.006766, 12.409575
-0.007015, 12.376059
-0.006993, 12.357382
-0.006801, 12.525286
-0.007113, 12.205787
-0.006864, 12.284331
-0.007147, 12.391256
-0.006791, 12.587653
-0.007116, 12.293303
-0.007211, 12.488796
-0.006988, 12.295557
-0.006878, 12.171637
-0.007251, 12.419031
-0.007124, 12.801748
-0.007194, 12.317713
-0.007121, 12.611154
-0.007028, 12.513298
-0.007207, 12.500007
-0.006977, 12.197243
-0.007306, 12.646967
-0.007119, 12.414689
-0.006767, 12.122631
-0.007071, 12.484045
-0.007453, 12.294318
-0.007322, 12.098395
-0.007266, 12.588591
-0.007299, 12.316767
-0.007236, 12.368890
-0.007291, 12.294806
-0.007020, 12.294770
-0.007247, 12.392560

-0.007296, 12.761591
-0.007102, 12.556054
-0.007263, 12.130219
-0.007245, 12.587514
-0.007272, 12.233534
-0.007326, 12.452799
-0.007371, 12.277951
-0.007328, 12.115564
-0.007323, 12.518589
-0.007162, 12.317811
-0.007249, 12.609242
-0.007194, 12.218888
-0.007304, 12.218948
-0.007164, 12.414473
-0.007345, 12.150290
-0.007386, 12.286559
-0.007356, 12.220033
-0.007449, 12.179624

-0.008449, 9.805216
-0.008414, 10.001234
-0.008518, 10.000617
-0.008342, 10.000267
-0.008477, 10.000020
-0.008366, 10.000802
-0.008466, 10.000057
-0.008391, 10.001471
-0.008462, 10.001620
-0.008429, 10.000985
-0.008548, 10.001047
-0.008550, 10.001111
-0.008371, 10.001021
-0.008259, 10.001254
-0.008303, 10.001446
-0.008459, 10.001246
-0.008382, 10.001718
-0.008412, 10.000572
-0.008446, 10.001438
-0.008534, 10.000498
-0.008648, 10.001353
-0.008341, 10.000143
-0.008419, 10.001792
-0.008575, 10.001288
-0.008428, 10.000258
-0.008359, 9.903123
-0.008548, 9.903071
-0.008582, 10.000113
-0.008870, 10.000944
-0.008704, 10.001354
-0.008570, 10.000117